# Tor state file last generated on 2015-05-08 16:45:15 local time
# Other times below are in UTC
# You *do not* need to edit this file.

BWHistoryReadEnds 2015-05-08 23:50:27
BWHistoryReadValues 0,0,1024,0,207872,496640,19456,909312,4022272,1372160,1156096,1173504,1142784,1132544,1073152,1025024,996352,1058816,1015808,965632,993280,620544
BWHistoryReadMaxima 0,0,0,0,7168,13312,1024,53248,112640,24576,23552,23552,23552,23552,23552,23552,23552,23552,23552,23552,23552,23552
BWHistoryWriteEnds 2015-05-08 23:50:27
BWHistoryWriteValues 0,0,1024,0,203776,480256,19456,848896,4174848,1442816,1329152,1234944,1236992,1287168,1215488,1137664,1052672,1202176,1089536,1031168,1152000,673792
BWHistoryWriteMaxima 0,0,0,0,7168,13312,1024,52224,111616,24576,23552,23552,23552,23552,23552,23552,24576,23552,23552,23552,23552,23552
BWHistoryDirReadEnds 2015-05-08 23:50:27
BWHistoryDirReadValues 0,0,1024,0,117760,308224,3072,264192,723968,923648,832512,835584,835584,843776,837632,833536,830464,844800,839680,834560,830464,551936
BWHistoryDirReadMaxima 0,0,0,0,6144,7168,0,8192,23552,23552,23552,23552,23552,23552,23552,23552,23552,23552,23552,23552,23552,23552
BWHistoryDirWriteEnds 2015-05-08 23:50:27
BWHistoryDirWriteValues 0,0,0,0,1024,6144,1024,18432,348160,268288,283648,180224,207872,279552,241664,201728,140288,248832,173056,154624,243712,107520
BWHistoryDirWriteMaxima 0,0,0,0,0,0,0,1024,4096,2048,2048,2048,2048,3072,3072,2048,2048,3072,3072,2048,2048,3072
TorVersion Tor 0.2.5.10
LastRotatedOnionKey 2015-05-08 18:20:27
LastWritten 2015-05-08 23:45:15
