# Tor state file last generated on 2015-05-08 16:45:16 local time
# Other times below are in UTC
# You *do not* need to edit this file.

BWHistoryReadEnds 2015-05-08 23:58:49
BWHistoryReadValues 0,0,0,0,453632,249856,79872,4286464,2707456,1273856,1112064,1145856,1124352,1090560,997376,1000448,1009664,1006592,973824,962560,970752,273408
BWHistoryReadMaxima 0,0,0,0,13312,7168,3072,92160,38912,24576,23552,23552,23552,23552,23552,23552,23552,23552,23552,23552,23552,23552
BWHistoryWriteEnds 2015-05-08 23:58:49
BWHistoryWriteValues 0,0,0,0,453632,258048,88064,4397056,3198976,1484800,1336320,1296384,1320960,1391616,1217536,1228800,1277952,1269760,1178624,1090560,1195008,290816
BWHistoryWriteMaxima 0,0,0,0,12288,7168,4096,92160,38912,23552,23552,23552,23552,23552,23552,23552,23552,23552,23552,23552,23552,23552
BWHistoryDirReadEnds 2015-05-08 23:58:49
BWHistoryDirReadValues 0,0,0,0,219136,211968,7168,417792,872448,867328,820224,823296,828416,827392,823296,817152,831488,829440,824320,820224,821248,267264
BWHistoryDirReadMaxima 0,0,0,0,7168,7168,0,8192,23552,23552,23552,23552,23552,23552,23552,23552,23552,23552,23552,23552,23552,23552
BWHistoryDirWriteEnds 2015-05-08 23:58:49
BWHistoryDirWriteValues 0,0,0,0,12288,8192,0,114688,569344,297984,226304,139264,186368,287744,195584,201728,252928,238592,174080,129024,190464,0
BWHistoryDirWriteMaxima 0,0,0,0,0,0,0,3072,7168,2048,4096,2048,2048,2048,1024,2048,2048,2048,2048,1024,2048,0
TorVersion Tor 0.2.5.10
LastRotatedOnionKey 2015-05-08 18:28:49
LastWritten 2015-05-08 23:45:16
