# Tor state file last generated on 2015-05-08 16:45:15 local time
# Other times below are in UTC
# You *do not* need to edit this file.

BWHistoryReadEnds 2015-05-08 23:57:17
BWHistoryReadValues 0,0,0,0,463872,286720,2048,1712128,4473856,1315840,1136640,1171456,1166336,1093632,1012736,1020928,994304,1026048,989184,946176,972800,283648
BWHistoryReadMaxima 0,0,0,0,12288,7168,0,53248,121856,24576,24576,24576,23552,24576,23552,23552,23552,23552,23552,23552,23552,23552
BWHistoryWriteEnds 2015-05-08 23:57:17
BWHistoryWriteValues 0,0,0,0,470016,273408,2048,1869824,4931584,1543168,1377280,1388544,1287168,1284096,1201152,1281024,1212416,1292288,1244160,1209344,1183744,300032
BWHistoryWriteMaxima 0,0,0,0,13312,7168,0,55296,123904,24576,24576,23552,23552,23552,24576,23552,23552,23552,23552,23552,23552,23552
BWHistoryDirReadEnds 2015-05-08 23:57:17
BWHistoryDirReadValues 0,0,0,0,221184,215040,2048,415744,865280,882688,815104,824320,828416,821248,824320,818176,825344,829440,827392,814080,822272,268288
BWHistoryDirReadMaxima 0,0,0,0,7168,7168,0,8192,23552,23552,23552,23552,23552,23552,23552,23552,23552,23552,23552,23552,23552,23552
BWHistoryDirWriteEnds 2015-05-08 23:57:17
BWHistoryDirWriteValues 0,0,0,0,28672,10240,0,161792,490496,271360,202752,208896,115712,174080,158720,225280,172032,244736,226304,204800,177152,0
BWHistoryDirWriteMaxima 0,0,0,0,2048,0,0,5120,4096,3072,2048,2048,2048,3072,2048,3072,3072,3072,2048,2048,3072,0
TorVersion Tor 0.2.5.10
LastRotatedOnionKey 2015-05-08 18:27:17
LastWritten 2015-05-08 23:45:15
