# Tor state file last generated on 2015-05-08 16:45:16 local time
# Other times below are in UTC
# You *do not* need to edit this file.

BWHistoryReadEnds 2015-05-08 23:58:45
BWHistoryReadValues 0,0,0,0,721920,252928,80896,3950592,3277824,1271808,1138688,1149952,1084416,1076224,1001472,995328,1011712,1002496,972800,963584,969728,275456
BWHistoryReadMaxima 0,0,0,0,38912,7168,2048,78848,61440,23552,24576,24576,23552,23552,23552,24576,23552,23552,23552,23552,23552,23552
BWHistoryWriteEnds 2015-05-08 23:58:45
BWHistoryWriteValues 0,0,0,0,714752,238592,84992,3974144,3490816,1457152,1339392,1433600,1306624,1268736,1235968,1131520,1271808,1221632,1195008,1219584,1203200,291840
BWHistoryWriteMaxima 0,0,0,0,38912,7168,4096,78848,61440,23552,24576,24576,23552,23552,23552,23552,23552,23552,23552,23552,24576,23552
BWHistoryDirReadEnds 2015-05-08 23:58:45
BWHistoryDirReadValues 0,0,0,0,218112,214016,9216,418816,852992,866304,821248,824320,828416,824320,826368,815104,834560,826368,826368,819200,824320,268288
BWHistoryDirReadMaxima 0,0,0,0,7168,7168,0,8192,23552,23552,23552,23552,23552,23552,23552,23552,23552,23552,23552,23552,23552,23552
BWHistoryDirWriteEnds 2015-05-08 23:58:45
BWHistoryDirWriteValues 0,0,0,0,0,0,0,52224,277504,260096,202752,258048,202752,172032,209920,114688,257024,194560,194560,237568,211968,0
BWHistoryDirWriteMaxima 0,0,0,0,0,0,0,1024,3072,2048,2048,2048,2048,1024,2048,1024,2048,2048,1024,3072,2048,0
TorVersion Tor 0.2.5.10
LastRotatedOnionKey 2015-05-08 18:28:45
LastWritten 2015-05-08 23:45:16
