# Tor state file last generated on 2015-05-08 16:45:16 local time
# Other times below are in UTC
# You *do not* need to edit this file.

BWHistoryReadEnds 2015-05-08 23:44:44
BWHistoryReadValues 0,0,0,0,971776,151552,1286144,7344128,1699840,1301504,1158144,1141760,1162240,1107968,997376,1035264,1019904,1013760,1003520,961536,982016
BWHistoryReadMaxima 0,0,0,0,53248,7168,58368,105472,36864,24576,23552,23552,23552,23552,23552,23552,23552,23552,23552,23552,23552
BWHistoryWriteEnds 2015-05-08 23:44:44
BWHistoryWriteValues 0,0,0,0,983040,194560,1294336,7325696,1846272,1518592,1228800,1252352,1228800,1248256,1175552,1118208,1114112,1134592,1088512,1089536,1189888
BWHistoryWriteMaxima 0,0,0,0,52224,7168,61440,105472,36864,23552,23552,23552,23552,23552,23552,23552,23552,23552,23552,23552,23552
BWHistoryDirReadEnds 2015-05-08 23:44:44
BWHistoryDirReadValues 0,0,0,0,312320,109568,121856,523264,930816,878592,837632,836608,840704,838656,834560,832512,839680,840704,837632,829440,837632
BWHistoryDirReadMaxima 0,0,0,0,7168,7168,8192,16384,23552,23552,23552,23552,23552,23552,23552,23552,23552,23552,23552,23552,23552
BWHistoryDirWriteEnds 2015-05-08 23:44:44
BWHistoryDirWriteValues 0,0,0,0,17408,22528,2048,137216,361472,400384,187392,232448,186368,247808,269312,171008,192512,223232,178176,211968,301056
BWHistoryDirWriteMaxima 0,0,0,0,0,2048,0,3072,4096,3072,1024,2048,3072,2048,2048,2048,3072,3072,1024,2048,3072
TorVersion Tor 0.2.5.10
LastRotatedOnionKey 2015-05-08 18:29:44
LastWritten 2015-05-08 23:45:16
