# Tor state file last generated on 2015-05-08 16:45:15 local time
# Other times below are in UTC
# You *do not* need to edit this file.

BWHistoryReadEnds 2015-05-08 23:57:45
BWHistoryReadValues 0,0,0,0,1268736,243712,15360,4019200,3932160,1199104,1065984,1088512,1093632,1068032,999424,1028096,1001472,1013760,1000448,949248,990208,284672
BWHistoryReadMaxima 0,0,0,0,53248,7168,0,53248,61440,23552,23552,23552,23552,23552,23552,23552,23552,23552,23552,23552,23552,23552
BWHistoryWriteEnds 2015-05-08 23:57:45
BWHistoryWriteValues 0,0,0,0,1327104,323584,19456,3962880,4236288,1361920,1214464,1208320,1265664,1258496,1135616,1251328,1092608,1185792,1174528,1100800,1127424,270336
BWHistoryWriteMaxima 0,0,0,0,53248,7168,1024,53248,61440,23552,23552,23552,23552,23552,23552,23552,23552,23552,23552,23552,23552,23552
BWHistoryDirReadEnds 2015-05-08 23:57:45
BWHistoryDirReadValues 0,0,0,0,215040,206848,4096,427008,876544,886784,827392,833536,839680,834560,832512,830464,836608,836608,836608,825344,833536,271360
BWHistoryDirReadMaxima 0,0,0,0,7168,7168,0,8192,23552,23552,23552,23552,23552,23552,23552,23552,23552,23552,23552,23552,23552,23552
BWHistoryDirWriteEnds 2015-05-08 23:57:45
BWHistoryDirWriteValues 0,0,0,0,4096,29696,0,70656,499712,297984,209920,187392,251904,258048,195584,290816,164864,239616,237568,203776,205824,0
BWHistoryDirWriteMaxima 0,0,0,0,0,2048,0,1024,3072,2048,2048,2048,3072,3072,2048,3072,1024,2048,2048,2048,3072,0
TorVersion Tor 0.2.5.10
LastRotatedOnionKey 2015-05-08 18:27:45
LastWritten 2015-05-08 23:45:15
