# Tor state file last generated on 2015-05-08 16:45:15 local time
# Other times below are in UTC
# You *do not* need to edit this file.

BWHistoryReadEnds 2015-05-08 23:53:33
BWHistoryReadValues 0,0,0,0,198656,507904,0,1033216,1988608,1269760,1076224,1052672,1047552,1039360,999424,974848,987136,1004544,964608,967680,966656,598016
BWHistoryReadMaxima 0,0,0,0,7168,12288,0,61440,53248,24576,23552,23552,23552,23552,23552,23552,23552,23552,23552,23552,23552,23552
BWHistoryWriteEnds 2015-05-08 23:53:33
BWHistoryWriteValues 0,0,0,0,214016,560128,0,1038336,2291712,1524736,1208320,1366016,1204224,1251328,1180672,1206272,1228800,1203200,1200128,1226752,1197056,700416
BWHistoryWriteMaxima 0,0,0,0,7168,13312,0,54272,54272,23552,23552,23552,23552,23552,23552,23552,23552,23552,23552,23552,23552,23552
BWHistoryDirReadEnds 2015-05-08 23:53:33
BWHistoryDirReadValues 0,0,0,0,116736,307200,0,259072,720896,913408,816128,827392,820224,830464,825344,819200,822272,829440,825344,825344,818176,540672
BWHistoryDirReadMaxima 0,0,0,0,6144,7168,0,8192,23552,23552,23552,23552,23552,23552,23552,23552,23552,23552,23552,23552,23552,23552
BWHistoryDirWriteEnds 2015-05-08 23:53:33
BWHistoryDirWriteValues 0,0,0,0,1024,17408,0,17408,377856,344064,136192,290816,132096,195584,161792,195584,218112,175104,206848,227328,212992,73728
BWHistoryDirWriteMaxima 0,0,0,0,0,0,0,1024,3072,3072,1024,3072,1024,2048,1024,1024,2048,1024,2048,3072,1024,1024
TorVersion Tor 0.2.5.10
LastRotatedOnionKey 2015-05-08 18:23:33
LastWritten 2015-05-08 23:45:15
