# Tor state file last generated on 2015-05-08 16:45:15 local time
# Other times below are in UTC
# You *do not* need to edit this file.

BWHistoryReadEnds 2015-05-08 23:56:15
BWHistoryReadValues 0,0,0,0,465920,283648,0,1157120,3960832,1258496,1072128,1085440,1119232,1055744,1015808,1029120,997376,1026048,989184,967680,994304,293888
BWHistoryReadMaxima 0,0,0,0,13312,7168,0,52224,66560,23552,23552,23552,23552,23552,24576,23552,23552,23552,23552,23552,23552,23552
BWHistoryWriteEnds 2015-05-08 23:56:15
BWHistoryWriteValues 0,0,0,0,435200,259072,0,1095680,4110336,1339392,1197056,1138688,1186816,1130496,1198080,1278976,1136640,1068032,1139712,1062912,1045504,308224
BWHistoryWriteMaxima 0,0,0,0,12288,7168,0,52224,66560,23552,23552,23552,23552,23552,24576,23552,23552,23552,23552,23552,23552,23552
BWHistoryDirReadEnds 2015-05-08 23:56:15
BWHistoryDirReadValues 0,0,0,0,219136,215040,0,413696,864256,909312,829440,837632,838656,835584,837632,834560,839680,839680,838656,828416,833536,275456
BWHistoryDirReadMaxima 0,0,0,0,7168,7168,0,8192,23552,23552,23552,23552,23552,23552,23552,23552,23552,23552,23552,23552,23552,23552
BWHistoryDirWriteEnds 2015-05-08 23:56:15
BWHistoryDirWriteValues 0,0,0,0,1024,8192,0,69632,286720,271360,220160,154624,168960,176128,275456,340992,237568,141312,245760,179200,140288,40960
BWHistoryDirWriteMaxima 0,0,0,0,0,0,0,2048,3072,2048,2048,2048,3072,2048,2048,3072,2048,1024,2048,1024,2048,1024
TorVersion Tor 0.2.5.10
LastRotatedOnionKey 2015-05-08 18:26:15
LastWritten 2015-05-08 23:45:15
