# Tor state file last generated on 2015-05-08 16:45:15 local time
# Other times below are in UTC
# You *do not* need to edit this file.

BWHistoryReadEnds 2015-05-08 23:58:28
BWHistoryReadValues 0,0,0,0,479232,252928,99328,7590912,3446784,1360896,1186816,1197056,1172480,1091584,986112,1013760,997376,993280,984064,949248,957440,269312
BWHistoryReadMaxima 0,0,0,0,13312,7168,3072,132096,69632,23552,23552,23552,23552,23552,23552,23552,23552,23552,23552,23552,23552,23552
BWHistoryWriteEnds 2015-05-08 23:58:28
BWHistoryWriteValues 0,0,0,0,448512,221184,98304,7792640,3906560,1640448,1503232,1451008,1490944,1352704,1255424,1288192,1261568,1355776,1272832,1270784,1200128,307200
BWHistoryWriteMaxima 0,0,0,0,13312,7168,3072,134144,71680,23552,24576,23552,23552,23552,23552,23552,23552,23552,23552,23552,23552,23552
BWHistoryDirReadEnds 2015-05-08 23:58:28
BWHistoryDirReadValues 0,0,0,0,221184,215040,11264,411648,855040,860160,813056,818176,823296,818176,816128,812032,819200,824320,819200,809984,815104,265216
BWHistoryDirReadMaxima 0,0,0,0,7168,7168,0,8192,23552,23552,23552,23552,23552,23552,23552,23552,23552,23552,23552,23552,23552,23552
BWHistoryDirWriteEnds 2015-05-08 23:58:28
BWHistoryDirWriteValues 0,0,0,0,2048,3072,0,97280,456704,287744,257024,194560,257024,180224,176128,178176,166912,282624,198656,222208,147456,0
BWHistoryDirWriteMaxima 0,0,0,0,0,0,0,3072,5120,2048,2048,3072,2048,1024,3072,2048,3072,3072,3072,3072,2048,0
TorVersion Tor 0.2.5.10
LastRotatedOnionKey 2015-05-08 18:28:28
LastWritten 2015-05-08 23:45:15
