# Tor state file last generated on 2015-05-08 16:45:15 local time
# Other times below are in UTC
# You *do not* need to edit this file.

BWHistoryReadEnds 2015-05-08 23:59:41
BWHistoryReadValues 0,0,0,0,418816,163840,1152000,3952640,2244608,1147904,1008640,969728,995328,988160,959488,987136,982016,972800,996352,969728,967680,35840
BWHistoryReadMaxima 0,0,0,0,7168,7168,48128,83968,36864,23552,23552,23552,23552,23552,23552,23552,23552,23552,23552,23552,23552,3072
BWHistoryWriteEnds 2015-05-08 23:59:41
BWHistoryWriteValues 0,0,0,0,409600,154624,1158144,3951616,2524160,1398784,1111040,1035264,1125376,1083392,1080320,1033216,1099776,1086464,1088512,1089536,1153024,12288
BWHistoryWriteMaxima 0,0,0,0,7168,7168,48128,82944,36864,23552,23552,23552,23552,23552,23552,23552,23552,23552,23552,23552,23552,0
BWHistoryDirReadEnds 2015-05-08 23:59:41
BWHistoryDirReadValues 0,0,0,0,299008,134144,90112,524288,937984,881664,830464,834560,842752,835584,835584,829440,839680,840704,837632,829440,835584,34816
BWHistoryDirReadMaxima 0,0,0,0,7168,7168,8192,16384,23552,23552,23552,23552,23552,23552,23552,23552,23552,23552,23552,23552,23552,0
BWHistoryDirWriteEnds 2015-05-08 23:59:41
BWHistoryDirWriteValues 0,0,0,0,2048,3072,1024,144384,503808,404480,188416,154624,228352,182272,210944,130048,210944,208896,183296,201728,275456,0
BWHistoryDirWriteMaxima 0,0,0,0,0,0,0,5120,5120,4096,2048,2048,3072,1024,2048,2048,3072,2048,3072,2048,3072,0
TorVersion Tor 0.2.5.10
LastRotatedOnionKey 2015-05-08 18:29:41
LastWritten 2015-05-08 23:45:15
